name: nn_scratch
channels:
  - conda-forge
  - defaults
dependencies:
  - asttokens=2.4.1=pyhd8ed1ab_0
  - backcall=0.2.0=pyh9f0ad1d_0
  - bzip2=1.0.8=h2466b09_7
  - ca-certificates=2024.8.30=h56e8100_0
  - colorama=0.4.6=pyhd8ed1ab_0
  - comm=0.2.2=pyhd8ed1ab_0
  - debugpy=1.8.5=py38h2698bfa_0
  - decorator=5.1.1=pyhd8ed1ab_0
  - executing=2.1.0=pyhd8ed1ab_0
  - importlib-metadata=8.5.0=pyha770c72_0
  - importlib_metadata=8.5.0=hd8ed1ab_0
  - ipykernel=6.29.5=pyh4bbf305_0
  - ipython=8.12.2=pyh08f2357_0
  - jedi=0.19.1=pyhd8ed1ab_0
  - jupyter_client=8.6.2=pyhd8ed1ab_0
  - jupyter_core=5.7.2=py38haa244fe_0
  - krb5=1.21.3=hdf4eb48_0
  - libffi=3.4.2=h8ffe710_5
  - libsodium=1.0.18=h8d14728_1
  - libsqlite=3.46.1=h2466b09_0
  - libzlib=1.3.1=h2466b09_1
  - matplotlib-inline=0.1.7=pyhd8ed1ab_0
  - nest-asyncio=1.6.0=pyhd8ed1ab_0
  - openssl=3.3.2=h2466b09_0
  - packaging=24.1=pyhd8ed1ab_0
  - parso=0.8.4=pyhd8ed1ab_0
  - pickleshare=0.7.5=py_1003
  - pip=24.2=py38haa95532_0
  - platformdirs=4.3.2=pyhd8ed1ab_0
  - prompt-toolkit=3.0.47=pyha770c72_0
  - prompt_toolkit=3.0.47=hd8ed1ab_0
  - psutil=6.0.0=py38h4cb3324_0
  - pure_eval=0.2.3=pyhd8ed1ab_0
  - pygments=2.18.0=pyhd8ed1ab_0
  - python=3.8.19=h4de0772_0_cpython
  - python_abi=3.8=5_cp38
  - pywin32=306=py38hd3f51b4_2
  - pyzmq=26.2.0=py38h3c56b06_0
  - setuptools=72.1.0=py38haa95532_0
  - six=1.16.0=pyh6c4a22f_0
  - sqlite=3.45.3=h2bbff1b_0
  - stack_data=0.6.2=pyhd8ed1ab_0
  - tk=8.6.13=h5226925_1
  - tornado=6.4.1=py38h4cb3324_0
  - traitlets=5.14.3=pyhd8ed1ab_0
  - typing_extensions=4.12.2=pyha770c72_0
  - ucrt=10.0.22621.0=h57928b3_0
  - vc=14.40=h2eaa2aa_1
  - vc14_runtime=14.40.33810=ha82c5b3_21
  - vs2015_runtime=14.40.33810=h3bf8584_21
  - wcwidth=0.2.13=pyhd8ed1ab_0
  - wheel=0.43.0=py38haa95532_0
  - xz=5.2.6=h8d14728_0
  - zeromq=4.3.5=he1f189c_4
  - zipp=3.20.1=pyhd8ed1ab_0
  - pip:
      - blinker==1.8.2
      - catboost==1.2.7
      - click==8.1.7
      - contourpy==1.1.1
      - cycler==0.12.1
      - dill==0.3.8
      - flask==3.0.3
      - fonttools==4.53.1
      - importlib-resources==6.4.5
      - itsdangerous==2.2.0
      - jinja2==3.1.4
      - joblib==1.4.2
      - kiwisolver==1.4.7
      - markupsafe==2.1.5
      - matplotlib==3.7.5
      - numpy==1.24.4
      - pandas==2.0.3
      - pillow==10.4.0
      - plotly==5.24.1
      - pyparsing==3.1.4
      - python-dateutil==2.9.0.post0
      - python-graphviz==0.20.3
      - pytz==2024.2
      - scikit-learn==1.3.2
      - scipy==1.10.1
      - seaborn==0.13.2
      - tenacity==9.0.0
      - threadpoolctl==3.5.0
      - tzdata==2024.1
      - werkzeug==3.0.4
      - xgboost==2.1.1
prefix: G:\ML\venv
